  #            4           3
 time:   0.0000000000000000     
 state:           1
   0.000000000       0.000000000       0.000000000       0.000000000    
  0.9352661232       0.000000000       0.000000000       0.000000000    
   0.000000000      0.9352661232       0.000000000       0.000000000    
 state:           2
   0.000000000       0.000000000       0.000000000       0.000000000    
  0.9352661232       0.000000000       0.000000000       0.000000000    
   0.000000000      0.9352661232       0.000000000       0.000000000    
 time:   41.341373336559997     
 state:           1
 -0.6883521397E-02  0.8224127040E-02 -0.2870900383E-01   0.000000000    
  0.9109454151      0.8224127040E-02 -0.2870900383E-01   0.000000000    
 -0.6883521397E-02  0.9375857968     -0.2870900383E-01   0.000000000    
 state:           2
 -0.2946498382E-01 -0.1017365944E-01 -0.8717163015E-02   0.000000000    
  0.8883616066     -0.1008518108E-01 -0.8717163018E-02   0.000000000    
 -0.2946732990E-01  0.9191753547     -0.8717163018E-02   0.000000000    
 time:   82.682746673119993     
 state:           1
 -0.2727741159E-01  0.3279266825E-01 -0.1132144890       0.000000000    
  0.8388901660      0.3279266825E-01 -0.1132144890       0.000000000    
 -0.2727741159E-01  0.9445155289     -0.1132144890       0.000000000    
 state:           2
 -0.1141953443     -0.4054284548E-01 -0.3437629402E-01   0.000000000    
  0.4250024286     -0.4042217874E-01 -0.3437629402E-01   0.000000000    
 -0.1158925982      0.8626654935     -0.3437629403E-01   0.000000000    
 time:   124.02412000967999     
 state:           1
 -0.6042121948E-01  0.7339541501E-01 -0.2487434630       0.000000000    
  0.7217871850      0.7339541501E-01 -0.2487434630       0.000000000    
 -0.6042121948E-01  0.9559678229     -0.2487434630       0.000000000    
 state:           2
 -0.2433038503     -0.8921617672E-01 -0.7552812802E-01   0.000000000    
 -0.3217658478E-02 -0.8962156900E-01 -0.7552812802E-01   0.000000000    
 -0.2551166486      0.5195565092     -0.7552812803E-01   0.000000000    
 time:   165.36549334623999     
 state:           1
 -0.1050790727      0.1295197068     -0.4276410523       0.000000000    
  0.5640030294      0.1295197068     -0.4276410523       0.000000000    
 -0.1050790727      0.9717980793     -0.4276410523       0.000000000    
 state:           2
 -0.3792201975     -0.1566387502     -0.1298483496       0.000000000    
 -0.4206138308     -0.1542943016     -0.1298483496       0.000000000    
 -0.4404530582      0.2517171407     -0.1298483496       0.000000000    
 time:   206.70686668279998     
 state:           1
 -0.1595857612      0.2004569040     -0.6398028613       0.000000000    
  0.3714211835      0.2004569040     -0.6398028613       0.000000000    
 -0.1595857612      0.9918064213     -0.6398028613       0.000000000    
 state:           2
 -0.5838591202     -0.2423219998     -0.1942688738       0.000000000    
 -0.8067382054     -0.2329521686     -0.1942688738       0.000000000    
 -0.6618892224      0.2730032791E-01 -0.1942688738       0.000000000    
 time:   248.04824001935998     
 state:           1
 -0.2219088296      0.2853113357     -0.8732456827       0.000000000    
  0.1512226742      0.2853113357     -0.8732456827       0.000000000    
 -0.2219088296       1.015740218     -0.8732456827       0.000000000    
 state:           2
 -0.8519532316     -0.3396412003     -0.2651511358       0.000000000    
  -1.168339727     -0.3318462634     -0.2651511358       0.000000000    
 -0.9089748550     -0.1758397508     -0.2651511358       0.000000000    
 time:   289.38961335592001     
 state:           1
 -0.2897243640      0.3830116083      -1.114784327       0.000000000    
 -0.8838169655E-01  0.3830116083      -1.114784327       0.000000000    
 -0.2897243640       1.043297276      -1.114784327       0.000000000    
 state:           2
  -1.154444416     -0.4334401594     -0.3384916024       0.000000000    
  -1.526392449     -0.4532511967     -0.3384916023       0.000000000    
  -1.172671069     -0.3874380961     -0.3384916024       0.000000000    
 time:   330.73098669247997     
 state:           1
 -0.3605036464      0.4923241335      -1.350776340       0.000000000    
 -0.3384575172      0.4923241335      -1.350776340       0.000000000    
 -0.3605036464       1.074129653      -1.350776340       0.000000000    
 state:           2
  -1.462464693     -0.5169048502     -0.4101478974       0.000000000    
  -1.873904200     -0.5924361169     -0.4101478974       0.000000000    
  -1.467193458     -0.6022364918     -0.4101478974       0.000000000    
 time:   372.07236002903994     
 state:           1
 -0.4316074460      0.6118687036      -1.567892550       0.000000000    
 -0.5896799152      0.6118687036      -1.567892550       0.000000000    
 -0.4316074460       1.107848051      -1.567892550       0.000000000    
 state:           2
  -1.763754910     -0.6379004875     -0.4760727693       0.000000000    
  -2.200381451     -0.7468937007     -0.4760727693       0.000000000    
  -1.769128147     -0.8359886775     -0.4760727693       0.000000000    
 time:   413.41373336559991     
 state:           1
 -0.5003844315      0.7401359187      -1.753869919       0.000000000    
 -0.8326812640      0.7401359187      -1.753869919       0.000000000    
 -0.5003844315       1.144026733      -1.753869919       0.000000000    
 state:           2
  -2.059227005     -0.7879651480     -0.5325426855       0.000000000    
  -2.493576896     -0.9145926112     -0.5325426855       0.000000000    
  -2.061002802      -1.058955317     -0.5325426855       0.000000000    
 time:   454.75510670215988     
 state:           1
 -0.5642700340      0.8755062444      -1.898204173       0.000000000    
  -1.058400485      0.8755062444      -1.898204173       0.000000000    
 -0.5642700340       1.182208898      -1.898204173       0.000000000    
 state:           2
  -2.337613275     -0.9537902687     -0.5763681427       0.000000000    
  -2.740410843      -1.093032928     -0.5763681428       0.000000000    
  -2.333863043      -1.280193790     -0.5763681428       0.000000000    
 time:   496.09648003871985     
 state:           1
 -0.6208820755       1.016270461      -1.992743102       0.000000000    
  -1.258420918       1.016270461      -1.992743102       0.000000000    
 -0.6208820755       1.221912448      -1.992743102       0.000000000    
 state:           2
  -2.589332222      -1.131754801     -0.6050738152       0.000000000    
  -2.927439983      -1.280164397     -0.6050738152       0.000000000    
  -2.579435203      -1.499266498     -0.6050738152       0.000000000    
 time:   537.43785337527981     
 state:           1
 -0.6681095960       1.160651243      -2.032147013       0.000000000    
  -1.425284166       1.160651243      -2.032147013       0.000000000    
 -0.6681095960       1.262636076      -2.032147013       0.000000000    
 state:           2
  -2.807183339      -1.319274380     -0.6170383654       0.000000000    
  -3.039605806      -1.474571858     -0.6170383654       0.000000000    
  -2.791014646      -1.714746642     -0.6170383654       0.000000000    
 time:   578.77922671183978     
 state:           1
 -0.7041915671       1.306825603      -2.014190317       0.000000000    
  -1.552768202       1.306825603      -2.014190317       0.000000000    
 -0.7041915671       1.303865596      -2.014190317       0.000000000    
 state:           2
  -2.984567977      -1.510161881     -0.6115860184       0.000000000    
  -3.054861497      -1.676012480     -0.6115860184       0.000000000    
  -2.963308829      -1.927615862     -0.6115860184       0.000000000    
 time:   620.12060004839975     
 state:           1
 -0.7277825579       1.452947906      -1.939887234       0.000000000    
  -1.636119377       1.452947906      -1.939887234       0.000000000    
 -0.7277825579       1.345080433      -1.939887234       0.000000000    
 state:           2
  -3.106730693      -1.695163290     -0.5890247310       0.000000000    
  -2.912496634      -1.884448031     -0.5890247311       0.000000000    
  -3.087505799      -2.138304498     -0.5890247311       0.000000000    
 time:   661.46197338495972     
 state:           1
 -0.7380029032       1.597173175      -1.813434510       0.000000000    
  -1.672229679       1.597173175      -1.813434510       0.000000000    
 -0.7380029032       1.385760198      -1.813434510       0.000000000    
 state:           2
  -3.158870939      -1.876247857     -0.5506287972       0.000000000    
  -2.528559359      -2.122316092     -0.5506287983       0.000000000    
  -3.148379157      -2.336361805     -0.5506287973       0.000000000    
 time:   702.80334672151969     
 state:           1
 -0.7344715048       1.737680386      -1.641974377       0.000000000    
  -1.659752619       1.737680386      -1.641974377       0.000000000    
 -0.7344715048       1.425391258      -1.641974377       0.000000000    
 state:           2
  -3.143961155      -2.053933219     -0.4985668750       0.000000000    
  -2.319905251      -2.299650815     -0.4985668785       0.000000000    
  -3.150937565      -2.519651143     -0.4985668750       0.000000000    
 time:   744.14472005807966     
 state:           1
 -0.7173200421       1.872695458      -1.435191154       0.000000000    
  -1.599153444       1.872695458      -1.435191154       0.000000000    
 -0.7173200421       1.463473221      -1.435191154       0.000000000    
 state:           2
  -3.071408105      -2.225340525     -0.4357794972       0.000000000    
  -2.106983347      -2.411177136     -0.4357794972       0.000000000    
  -3.092900626      -2.683155946     -0.4357794973       0.000000000    
 time:   785.48609339463962     
 state:           1
 -0.6871880621       2.000513657      -1.204764257       0.000000000    
  -1.492691787       2.000513657      -1.204764257       0.000000000    
 -0.6871880621       1.499525255      -1.204764257       0.000000000    
 state:           2
  -2.947243835      -2.387033487     -0.3658129864       0.000000000    
  -2.225202547      -2.494120089     -0.3658129855       0.000000000    
  -2.981137051      -2.825355792     -0.3658129866       0.000000000    
 time:   826.82746673119959     
 state:           1
 -0.6451991314       2.119521119     -0.9637085319       0.000000000    
  -1.344337411       2.119521119     -0.9637085319       0.000000000    
 -0.6451991314       1.533092157     -0.9637085319       0.000000000    
 state:           2
  -2.773076093      -2.539073578     -0.2926191527       0.000000000    
  -2.223337233      -2.604436059     -0.2926191518       0.000000000    
  -2.813090238      -2.942725692     -0.2926191529       0.000000000    
 time:   868.16884006775956     
 state:           1
 -0.5929189409       2.228215225     -0.7256391565       0.000000000    
  -1.159622179       2.228215225     -0.7256391565       0.000000000    
 -0.5929189409       1.563750104     -0.7256391565       0.000000000    
 state:           2
  -2.553795988      -2.681991082     -0.2203320902       0.000000000    
  -2.150749458      -2.719714361     -0.2203320895       0.000000000    
  -2.593652153      -3.031165920     -0.2203320904       0.000000000    
 time:   909.51021340431953     
 state:           1
 -0.5322969240       2.325223575     -0.5040026351       0.000000000    
 -0.9454337881       2.325223575     -0.5040026351       0.000000000    
 -0.5322969240       1.591112000     -0.5040026351       0.000000000    
 state:           2
  -2.298637169      -2.814414554     -0.1530346772       0.000000000    
  -2.030019403      -2.832400459     -0.1530346767       0.000000000    
  -2.330285078      -3.087537865     -0.1530346774       0.000000000    
 time:   950.85158674087950     
 state:           1
 -0.4655935654       2.409321317     -0.3113173202       0.000000000    
 -0.7097589326       2.409321317     -0.3113173202       0.000000000    
 -0.4655935654       1.614832368     -0.3113173202       0.000000000    
 state:           2
  -2.040055714      -2.930801009     -0.9452796934E-01   0.000000000    
  -1.851689091      -2.940492128     -0.9452796896E-01   0.000000000    
  -2.032119820      -3.108324816     -0.9452796945E-01   0.000000000    
 time:   992.19296007743947     
 state:           1
 -0.3952961120       2.479446613     -0.1584663583       0.000000000    
 -0.4613854998       2.479446613     -0.1584663583       0.000000000    
 -0.3952961120       1.634611707     -0.1584663583       0.000000000    
 state:           2
  -1.835215791      -3.027989446     -0.4811651060E-01   0.000000000    
  -1.579231559      -3.039363914     -0.4811651008E-01   0.000000000    
  -1.710536218      -3.085587337     -0.4811651053E-01   0.000000000    
 time:   1033.5343334139995     
 state:           1
 -0.3240258281       2.534714043     -0.5408299408E-01   0.000000000    
 -0.2095748833       2.534714043     -0.5408299408E-01   0.000000000    
 -0.3240258281       1.650200280     -0.5408299408E-01   0.000000000    
 state:           2
  -1.628946959      -3.107451283     -0.1642168753E-01   0.000000000    
  -1.286572855      -3.120546650     -0.1642168683E-01   0.000000000    
  -1.374627625      -3.001755843     -0.1642168736E-01   0.000000000    
 time:   1074.8757067505596     
 state:           1
 -0.2544402530       2.574425785     -0.4062951927E-02   0.000000000    
  0.3628335666E-01   2.574425785     -0.4062951927E-02   0.000000000    
 -0.2544402530       1.661401260     -0.4062951927E-02   0.000000000    
 state:           2
  -1.415444882      -3.167440268     -0.1233669889E-02   0.000000000    
 -0.9986347759      -3.179815724     -0.1233669038E-02   0.000000000    
  -1.022550669      -2.823977020     -0.1233670085E-02   0.000000000    
 time:   1116.2170800871197     
 state:           1
 -0.1891341064       2.598080430     -0.1123143604E-01   0.000000000    
  0.2670216133       2.598080430     -0.1123143604E-01   0.000000000    
 -0.1891341064       1.668073221     -0.1123143604E-01   0.000000000    
 state:           2
  -1.200037289      -3.206505839     -0.3410298775E-02   0.000000000    
 -0.7289491928      -3.214823367     -0.3410297885E-02   0.000000000    
 -0.6293639132      -2.522660879     -0.3410302293E-02   0.000000000    
 time:   1157.5584534236798     
 state:           1
 -0.1305425355       2.605379308     -0.7518355962E-01   0.000000000    
  0.4740360767       2.605379308     -0.7518355962E-01   0.000000000    
 -0.1305425355       1.670131921     -0.7518355962E-01   0.000000000    
 state:           2
 -0.9871156274      -3.223390030     -0.2282863465E-01   0.000000000    
 -0.4889922049      -3.226107795     -0.2282863415E-01   0.000000000    
 -0.1634757869      -2.263132058     -0.2282866843E-01   0.000000000    
 time:   1198.8998267602399     
 state:           1
 -0.8085031368E-01   2.596230261     -0.1923072139       0.000000000    
  0.6496075538       2.596230261     -0.1923072139       0.000000000    
 -0.8085031368E-01   1.667551368     -0.1923072139       0.000000000    
 state:           2
 -0.7765426505      -3.216240060     -0.5839190281E-01   0.000000000    
 -0.2890662249      -3.216003703     -0.5839190169E-01   0.000000000    
  0.1358226431      -2.152134848     -0.5839194204E-01   0.000000000    
 time:   1240.2412000968000     
 state:           1
 -0.4191037344E-01   2.570748808     -0.3559870849       0.000000000    
  0.7871893035       2.570748808     -0.3559870849       0.000000000    
 -0.4191037344E-01   1.660364142     -0.3559870849       0.000000000    
 state:           2
 -0.5714857569      -3.176139335     -0.1080914381       0.000000000    
 -0.1380261982      -3.185425429     -0.1080914358       0.000000000    
  0.3308654259      -2.034336869     -0.1080914485       0.000000000    
 time:   1281.5825734333600     
 state:           1
 -0.1517471437E-01   2.529256684     -0.5569782956       0.000000000    
  0.8816511525       2.529256684     -0.5569782956       0.000000000    
 -0.1517471437E-01   1.648660993     -0.5569782956       0.000000000    
 state:           2
 -0.3625291706      -3.076441534     -0.1691201365       0.000000000    
 -0.4171025712E-01  -3.134840765     -0.1691201347       0.000000000    
  0.4546361788      -1.911225467     -0.1691200952       0.000000000    
 time:   1322.9239467699201     
 state:           1
 -0.1640260552E-02   2.472277779     -0.7839285704       0.000000000    
  0.9294707903       2.472277779     -0.7839285704       0.000000000    
 -0.1640260552E-02   1.632589687     -0.7839285704       0.000000000    
 state:           2
 -0.1096224552      -2.849039077     -0.2380309994       0.000000000    
  0.5955505075E-03  -3.065626985     -0.2380310090       0.000000000    
  0.3640288277      -1.818237074     -0.2380308968       0.000000000    
 time:   1364.2653201064802     
 state:           1
 -0.1811687192E-02   2.400531523      -1.024019428       0.000000000    
  0.9288651094       2.400531523      -1.024019428       0.000000000    
 -0.1811687192E-02   1.612353144      -1.024019428       0.000000000    
 state:           2
  0.2746882962      -2.338443805     -0.3109318469       0.000000000    
 -0.7275428894E-02  -2.978901447     -0.3109318721       0.000000000    
  0.2100804638      -1.887818418     -0.3109317284       0.000000000    
 time:   1405.6066934430403     
 state:           1
 -0.1568260210E-01   2.314923802      -1.263690188       0.000000000    
  0.8798566946       2.314923802      -1.263690188       0.000000000    
 -0.1568260210E-01   1.588206876      -1.263690188       0.000000000    
 state:           2
  0.5013465168      -1.984522229     -0.3837051976       0.000000000    
 -0.6826399599E-01  -2.873397003     -0.3837051773       0.000000000    
 -0.1570829534E-02  -1.972989831     -0.3837050227       0.000000000    
 time:   1446.9480667796004     
 state:           1
 -0.4273578410E-01   2.216535521      -1.489403898       0.000000000    
  0.7842729806       2.216535521      -1.489403898       0.000000000    
 -0.4273578410E-01   1.560455761      -1.489403898       0.000000000    
 state:           2
  0.6334314093      -1.811950512     -0.4522405714       0.000000000    
 -0.1855581716      -2.749953151     -0.4522405823       0.000000000    
 -0.2204493128      -2.078307973     -0.4522404426       0.000000000    
 time:   1488.2894401161604     
 state:           1
 -0.8196246922E-01   2.106608956      -1.688411919       0.000000000    
  0.6456781101       2.106608956      -1.688411919       0.000000000    
 -0.8196246922E-01   1.529450190      -1.688411919       0.000000000    
 state:           2
  0.6829621361      -1.685903448     -0.5126670520       0.000000000    
 -0.3558061085      -2.610622982     -0.5126671075       0.000000000    
 -0.4313664622      -2.139733395     -0.5126669923       0.000000000    
 time:   1529.6308134527205     
 state:           1
 -0.1318999656       1.986532067      -1.849473990       0.000000000    
  0.4692400342       1.986532067      -1.849473990       0.000000000    
 -0.1318999656       1.495581647      -1.849473990       0.000000000    
 state:           2
  0.4904979231      -1.774277489     -0.5615716692       0.000000000    
 -0.5740064572      -2.458033670     -0.5615717748       0.000000000    
 -0.6503568627      -2.143248061     -0.5615716854       0.000000000    
 time:   1570.9721867892806     
 state:           1
 -0.1906861949       1.857820975      -1.963493089       0.000000000    
  0.2615378078       1.857820975      -1.963493089       0.000000000    
 -0.1906861949       1.459277767      -1.963493089       0.000000000    
 state:           2
  0.1120781825      -1.800313407     -0.5961922797       0.000000000    
 -0.8332695932      -2.289327548     -0.5961923764       0.000000000    
 -0.8832490116      -2.133994316     -0.5961923270       0.000000000    
 time:   1612.3135601258407     
 state:           1
 -0.2561291256       1.722100820      -2.024029253       0.000000000    
  0.3031626904E-01   1.722100820      -2.024029253       0.000000000    
 -0.2561291256       1.420996930      -2.024029253       0.000000000    
 state:           2
 -0.3362223829      -1.779949864     -0.6145734197       0.000000000    
  -1.124374401      -2.102347500     -0.6145734877       0.000000000    
  -1.118501709      -2.104835276     -0.6145734901       0.000000000    
 time:   1653.6549334624008     
 state:           1
 -0.3257885095       1.581085238      -2.027663311       0.000000000    
 -0.2158027509       1.581085238      -2.027663311       0.000000000    
 -0.3257885095       1.381222480      -2.027663311       0.000000000    
 state:           2
 -0.8312350322      -1.729383540     -0.6156768847       0.000000000    
  -1.433054378      -1.907842107     -0.6156769195       0.000000000    
  -1.359435935      -2.048140126     -0.6156769756       0.000000000    
 time:   1694.9963067989609     
 state:           1
 -0.3970668750       1.436554727      -1.974190006       0.000000000    
 -0.4676419211       1.436554727      -1.974190006       0.000000000    
 -0.3970668750       1.340456620      -1.974190006       0.000000000    
 state:           2
  -1.351493363      -1.657487439     -0.5994403474       0.000000000    
  -1.741113382      -1.718214639     -0.5994403527       0.000000000    
  -1.608511528      -1.956960401     -0.5994404520       0.000000000    
 time:   1736.3376801355209     
 state:           1
 -0.4673063814       1.290334167      -1.866629590       0.000000000    
 -0.7158106168       1.290334167      -1.866629590       0.000000000    
 -0.4673063814       1.299214069      -1.866629590       0.000000000    
 state:           2
  -1.875874225      -1.570601052     -0.5667808714       0.000000000    
  -2.036280183      -1.529934177     -0.5667808502       0.000000000    
  -1.859959679      -1.841709937     -0.5667809837       0.000000000    
 time:   1777.6790534720810     
 state:           1
 -0.5338879251       1.144269775      -1.711057230       0.000000000    
 -0.9510550787       1.144269775      -1.711057230       0.000000000    
 -0.5338879251       1.258015567      -1.711057230       0.000000000    
 state:           2
  -2.382570631      -1.476232776     -0.5195431135       0.000000000    
  -2.310014444      -1.339848606     -0.5195430662       0.000000000    
  -2.106873682      -1.713266703     -0.5195432278       0.000000000    
 time:   1819.0204268086411     
 state:           1
 -0.5943288015       1.000205797      -1.516259880       0.000000000    
  -1.164603468       1.000205797      -1.516259880       0.000000000    
 -0.5943288015       1.217381295      -1.516259880       0.000000000    
 state:           2
  -2.847837788      -1.379513550     -0.4603951326       0.000000000    
  -2.558393096      -1.151900697     -0.4603950596       0.000000000    
  -2.341279834      -1.576985813     -0.4603952425       0.000000000    
 time:   1860.3618001452012     
 state:           1
 -0.6463752803      0.8599612223      -1.293239977       0.000000000    
  -1.348492955      0.8599612223      -1.293239977       0.000000000    
 -0.6463752803       1.177824313      -1.293239977       0.000000000    
 state:           2
  -3.251376060      -1.281620924     -0.3926776933       0.000000000    
  -2.775157508     -0.9727275569     -0.3926775971       0.000000000    
  -2.553919288      -1.434754269     -0.3926777920       0.000000000    
 time:   1901.7031734817613     
 state:           1
 -0.6880866427      0.7253068132      -1.054594010       0.000000000    
  -1.495866633      0.7253068132      -1.054594010       0.000000000    
 -0.6880866427       1.139844078      -1.054594010       0.000000000    
 state:           2
  -3.576871580      -1.184399412     -0.3202155762       0.000000000    
  -2.951084450     -0.8055226659     -0.3202154598       0.000000000    
  -2.736122963      -1.287846934     -0.3202156562       0.000000000    
 time:   1943.0445468183214     
 state:           1
 -0.7179075481      0.5979427508     -0.8138010490       0.000000000    
  -1.601229207      0.5979427508     -0.8138010490       0.000000000    
 -0.7179075481       1.103920137     -0.8138010490       0.000000000    
 state:           2
  -3.808758129      -1.090378235     -0.2471015488       0.000000000    
  -3.078208288     -0.6516281792     -0.2471014144       0.000000000    
  -2.880762099      -1.137256490     -0.2471016016       0.000000000    
 time:   1984.3859201548814     
 state:           1
 -0.7347260290      0.4794771659     -0.5844614308       0.000000000    
  -1.660651898      0.4794771659     -0.5844614308       0.000000000    
 -0.7347260290       1.070506074     -0.5844614308       0.000000000    
 state:           2
  -3.930701172      -1.002124575     -0.1774652014       0.000000000    
  -3.150887514     -0.5120023893     -0.1774650479       0.000000000    
  -2.982405938     -0.9832083190     -0.1774652156       0.000000000    
 time:   2025.7272934914415     
 state:           1
 -0.7379149551      0.3714058350     -0.3795285896       0.000000000    
  -1.671918942      0.3714058350     -0.3795285896       0.000000000    
 -0.7379149551       1.040023785     -0.3795285896       0.000000000    
 state:           2
  -3.921771662     -0.9220197816     -0.1152397041       0.000000000    
  -3.165638586     -0.3873825625     -0.1152395228       0.000000000    
  -3.037043181     -0.8244716853     -0.1152396615       0.000000000    
 time:   2067.0686668280014     
 state:           1
 -0.7273554169      0.2750932941     -0.2105774299       0.000000000    
  -1.634610212      0.2750932941     -0.2105774299       0.000000000    
 -0.7273554169       1.012858147     -0.2105774299       0.000000000    
 state:           2
  -3.743194194     -0.8511436587     -0.6393966820E-01   0.000000000    
  -3.120859651     -0.2783263106     -0.6393942699E-01   0.000000000    
  -3.040647542     -0.6579491974     -0.6393952735E-01   0.000000000    
 time:   2108.4100401645615     
 state:           1
 -0.7034411604      0.1917556098     -0.8715055859E-01   0.000000000    
  -1.550116881      0.1917556098     -0.8715055859E-01   0.000000000    
 -0.7034411604      0.9893521592     -0.8715055859E-01   0.000000000    
 state:           2
  -3.308919484     -0.7805242645     -0.2646267256E-01   0.000000000    
  -3.017131116     -0.1858633539     -0.2646226412E-01   0.000000000    
  -2.986250736     -0.4803507737     -0.2646231828E-01   0.000000000    
 time:   2149.7514135011215     
 state:           1
 -0.6670639048      0.1224450246     -0.1621930473E-01   0.000000000    
  -1.421589553      0.1224450246     -0.1621930473E-01   0.000000000    
 -0.6670639048      0.9698026148     -0.1621930473E-01   0.000000000    
 state:           2
  -2.545408802     -0.6443325947     -0.4925537850E-02   0.000000000    
  -2.858799660     -0.1119269140     -0.4924798779E-02   0.000000000    
  -2.866595440     -0.2919681059     -0.4924802577E-02   0.000000000    
 time:   2191.0927868376816     
 state:           1
 -0.6195800919      0.6803667165E-01 -0.1789968503E-02   0.000000000    
  -1.253820778      0.6803667165E-01 -0.1789968503E-02   0.000000000    
 -0.6195800919      0.9544563512     -0.1789968503E-02   0.000000000    
 state:           2
  -1.665742991     -0.3886170800     -0.5444037941E-03   0.000000000    
  -2.653842147     -0.5714459017E-01 -0.5434982056E-03   0.000000000    
  -2.690008567     -0.9111525429E-01 -0.5434478331E-03   0.000000000    
 time:   2232.4341601742417     
 state:           1
 -0.5627603065      0.2921752453E-01 -0.4467754004E-01   0.000000000    
  -1.053066349      0.2921752453E-01 -0.4467754004E-01   0.000000000    
 -0.5627603065      0.9435071342     -0.4467754004E-01   0.000000000    
 state:           2
 -0.9479561337     -0.1281585696     -0.1356645431E-01   0.000000000    
  -2.410141099     -0.1982386804E-01 -0.1356582436E-01   0.000000000    
  -2.478940061      0.1344577996     -0.1356570465E-01   0.000000000    
 time:   2273.7755335108018     
 state:           1
 -0.4987232553      0.6477723640E-02 -0.1424596672       0.000000000    
 -0.8268120324      0.6477723640E-02 -0.1424596672       0.000000000    
 -0.4987232553      0.9370932113     -0.1424596672       0.000000000    
 state:           2
 -0.2537563759      0.1144552935     -0.4325650228E-01   0.000000000    
  -2.136183516      0.7013561704E-03 -0.4325625747E-01   0.000000000    
  -2.257965755      0.3964877052     -0.4325603246E-01   0.000000000    
 time:   2315.1169068473619     
 state:           1
 -0.4298567635      0.1043874505E-03 -0.2896134729       0.000000000    
 -0.5834944417      0.1043874505E-03 -0.2896134729       0.000000000    
 -0.4298567635      0.9352955664     -0.2896134729       0.000000000    
 state:           2
  0.3909708357      0.3352513850     -0.8793768615E-01   0.000000000    
  -1.842128547      0.3988960165E-02 -0.8793783865E-01   0.000000000    
  -2.044991786      0.6734540602     -0.8793744367E-01   0.000000000    
 time:   2356.4582801839219     
 state:           1
 -0.3587287373      0.1017798731E-01 -0.4778274961       0.000000000    
 -0.3321864471      0.1017798731E-01 -0.4778274961       0.000000000    
 -0.3587287373      0.9381368970     -0.4778274961       0.000000000    
 state:           2
  0.9621847958      0.5314418777     -0.1450863477       0.000000000    
  -1.539616786     -0.1066706776E-01 -0.1450868857       0.000000000    
  -1.730547362      0.7216060976     -0.1450864688       0.000000000    
 time:   2397.7996535204820     
 state:           1
 -0.2879914115      0.3657133141E-01 -0.6964711354       0.000000000    
 -0.8225886663E-01  0.3657133141E-01 -0.6964711354       0.000000000    
 -0.2879914115      0.9455813278     -0.6964711354       0.000000000    
 state:           2
   1.438585975      0.7005496206     -0.2114746474       0.000000000    
  -1.242709370     -0.4421906500E-01 -0.2114755310       0.000000000    
  -1.172660972      0.3854455137     -0.2114756498       0.000000000    
 time:   2439.1410268570421     
 state:           1
 -0.2202824525      0.7895117070E-01 -0.9331950806       0.000000000    
  0.1569689546      0.7895117070E-01 -0.9331950806       0.000000000    
 -0.2202824525      0.9575348634     -0.9331950806       0.000000000    
 state:           2
   1.802410238      0.8404394166     -0.2833528778       0.000000000    
 -0.9645508172     -0.9694877585E-01 -0.2833540406       0.000000000    
 -0.6318998494      0.7867359707E-01 -0.2833547950       0.000000000    
 time:   2480.4824001936022     
 state:           1
 -0.1581266040      0.1367824066      -1.174628819       0.000000000    
  0.3765766459      0.1367824066      -1.174628819       0.000000000    
 -0.1581266040      0.9738465756      -1.174628819       0.000000000    
 state:           2
   2.040091240      0.9493449817     -0.3566612519       0.000000000    
 -0.7125639825     -0.1681728459     -0.3566626166       0.000000000    
 -0.2258537362     -0.1185717971     -0.3566638016       0.000000000    
 time:   2521.8237735301623     
 state:           1
 -0.1038415449      0.2093348473      -1.407135823       0.000000000    
  0.5683754358      0.2093348473      -1.407135823       0.000000000    
 -0.1038415449      0.9943105084      -1.407135823       0.000000000    
 state:           2
   2.142766289       1.025891247     -0.4272592063       0.000000000    
 -0.4925068840     -0.2570927013     -0.4272606930       0.000000000    
  0.6395819625E-01 -0.2714367363     -0.4272621090       0.000000000    
 time:   2563.1651468667224     
 state:           1
 -0.5945146617E-01  0.2956924273      -1.617583758       0.000000000    
  0.7252134963      0.2956924273      -1.617583758       0.000000000    
 -0.5945146617E-01   1.018668279      -1.617583758       0.000000000    
 state:           2
   2.106606819       1.069111719     -0.4911592657       0.000000000    
 -0.3121165997     -0.3628519596     -0.4911607898       0.000000000    
  0.2535578361     -0.4117197336     -0.4911622711       0.000000000    
 time:   2604.5065202032824     
 state:           1
 -0.2661159314E-01  0.3947647740      -1.794086219       0.000000000    
  0.8412426212      0.3947647740      -1.794086219       0.000000000    
 -0.2661159314E-01   1.046612341      -1.794086219       0.000000000    
 state:           2
   1.932961152       1.078460686     -0.5447522622       0.000000000    
 -0.1789276949     -0.4843273724     -0.5447537353       0.000000000    
  0.3500749461     -0.5510350961     -0.5447551439       0.000000000    
 time:   2645.8478935398425     
 state:           1
 -0.6546464973E-02  0.5053009747      -1.926674092       0.000000000    
  0.9121362956      0.5053009747      -1.926674092       0.000000000    
 -0.6546464973E-02   1.077789864      -1.926674092       0.000000000    
 state:           2
   1.628304218       1.053820106     -0.5850111855       0.000000000    
 -0.9832208706E-01 -0.6201773380     -0.5850125212       0.000000000    
  0.3569520204     -0.6930920801     -0.5850137407       0.000000000    
 time:   2687.1892668764026     
 state:           1
 -0.4273817807E-05  0.6259053715      -2.007858620       0.000000000    
  0.9352510230      0.6259053715      -2.007858620       0.000000000    
 -0.4273817807E-05   1.111807193      -2.007858620       0.000000000    
 state:           2
   1.203996121      0.9955010959     -0.6096621530       0.000000000    
 -0.7259727208E-01 -0.7690747413     -0.6096632745       0.000000000    
  0.2765663954     -0.8379860668     -0.6096642050       0.000000000    
 time:   2728.5306402129627     
 state:           1
 -0.7228966093E-02  0.7550551828      -2.033054384       0.000000000    
  0.9097248974      0.7550551828      -2.033054384       0.000000000    
 -0.7228966093E-02   1.148234818      -2.033054384       0.000000000    
 state:           2
  0.6758585372      0.9042400071     -0.6173128423       0.000000000    
 -0.9837875622E-01 -0.9304736754     -0.6173136960       0.000000000    
  0.1091641549     -0.9830009971     -0.6173142383       0.000000000    
 time:   2769.8720135495228     
 state:           1
 -0.2795114612E-01  0.8911197302      -2.000838290       0.000000000    
  0.8365097418      0.8911197302      -2.000838290       0.000000000    
 -0.2795114612E-01   1.186612793      -2.000838290       0.000000000    
 state:           2
  0.6358475847E-01  0.7811891250     -0.6075311316       0.000000000    
 -0.1449680557      -1.108793279     -0.6075317552       0.000000000    
 -0.1677269137      -1.118906894     -0.6075316859       0.000000000    
 time:   2811.2133868860828     
 state:           1
 -0.6139812150E-01   1.032381028      -1.913029950       0.000000000    
  0.7183356161       1.032381028      -1.913029950       0.000000000    
 -0.6139812150E-01   1.226456548      -1.913029950       0.000000000    
 state:           2
 -0.6099946400      0.6279021212     -0.5808695059       0.000000000    
 -0.2536382479      -1.289217524     -0.5808698390       0.000000000    
 -0.5015449278      -1.253463237     -0.5808691971       0.000000000    
 time:   2852.5547602226429     
 state:           1
 -0.1063227154       1.177055477      -1.774588907       0.000000000    
  0.5596090183       1.177055477      -1.774588907       0.000000000    
 -0.1063227154       1.267263007      -1.774588907       0.000000000    
 state:           2
  -1.319763107      0.4463144362     -0.5388338525       0.000000000    
 -0.4404461810      -1.469024117     -0.5388338001       0.000000000    
 -0.8603189807      -1.378494352     -0.5388327706       0.000000000    
 time:   2893.8961335592030     
 state:           1
 -0.1610497714       1.323316378      -1.593334511       0.000000000    
  0.3662485748       1.323316378      -1.593334511       0.000000000    
 -0.1610497714       1.308516937      -1.593334511       0.000000000    
 state:           2
  -2.039254667      0.2387188421     -0.4837984061       0.000000000    
 -0.6755087863      -1.649942795     -0.4837979561       0.000000000    
  -1.249670238      -1.473260772     -0.4837966629       0.000000000    
 time:   2935.2375068957631     
 state:           1
 -0.2235386170       1.469317007      -1.379504274       0.000000000    
  0.1454643450       1.469317007      -1.379504274       0.000000000    
 -0.2235386170       1.349697454      -1.379504274       0.000000000    
 state:           2
  -2.741640788      0.7736493447E-02 -0.4188716488       0.000000000    
 -0.9463892019      -1.829888924     -0.4188708219       0.000000000    
  -1.636911982      -1.501377360     -0.4188695118       0.000000000    
 time:   2976.5788802323232     
 state:           1
 -0.2914591567       1.613213921      -1.145175640       0.000000000    
 -0.9451102835E-01   1.613213921      -1.145175640       0.000000000    
 -0.2914591567       1.390284604      -1.145175640       0.000000000    
 state:           2
  -3.400730767     -0.2437161682     -0.3477207385       0.000000000    
  -1.241344405      -2.006652083     -0.3477195810       0.000000000    
  -1.915096615      -1.401682029     -0.3477189249       0.000000000    
 time:   3017.9202535688833     
 state:           1
 -0.3622787571       1.753190241     -0.9035838307       0.000000000    
 -0.3447292997       1.753190241     -0.9035838307       0.000000000    
 -0.3622787571       1.429765923     -0.9035838307       0.000000000    
 state:           2
  -3.991948339     -0.5124642378     -0.2743643820       0.000000000    
  -1.547702167      -2.179009328     -0.2743629609       0.000000000    
  -1.894983119      -1.238789463     -0.2743642846       0.000000000    
 time:   3059.2616269054433     
 state:           1
 -0.4333566841       1.887478592     -0.6683743018       0.000000000    
 -0.5958602850       1.887478592     -0.6683743018       0.000000000    
 -0.4333566841       1.467642909     -0.6683743018       0.000000000    
 state:           2
  -4.493248074     -0.7951144343     -0.2029458527       0.000000000    
  -1.853966120      -2.346084810     -0.2029442448       0.000000000    
  -1.757879459      -1.347982031     -0.2029478577       0.000000000    
 time:   3100.6030002420034     
 state:           1
 -0.5020425709       2.014383415     -0.4528320293       0.000000000    
 -0.8385397662       2.014383415     -0.4528320293       0.000000000    
 -0.5020425709       1.503437319     -0.4528320293       0.000000000    
 state:           2
  -4.885937418      -1.088097945     -0.1374989730       0.000000000    
  -2.149940660      -2.505178376     -0.1374972599       0.000000000    
  -1.837124167      -1.681661220     -0.1375019891       0.000000000    
 time:   3141.9443735785635     
 state:           1
 -0.5657752459       2.132302377     -0.2691311544       0.000000000    
  -1.063718667       2.132302377     -0.2691311544       0.000000000    
 -0.5657752459       1.536697202     -0.2691311544       0.000000000    
 state:           2
  -5.155373697      -1.387715485     -0.8172027777E-01   0.000000000    
  -2.424802713      -2.653022142     -0.8171854906E-01   0.000000000    
  -2.067596370      -2.027683413     -0.8172342857E-01   0.000000000    
 time:   3183.2857469151236     
 state:           1
 -0.6221782332       2.239746603     -0.1276473697       0.000000000    
  -1.263000474       2.239746603     -0.1276473697       0.000000000    
 -0.6221782332       1.567002612     -0.1276473697       0.000000000    
 state:           2
  -5.291510123      -1.690184009     -0.3876022893E-01   0.000000000    
  -2.667797914      -2.786938781     -0.3875858251E-01   0.000000000    
  -2.341538328      -2.331091028     -0.3876302949E-01   0.000000000    
 time:   3224.6271202516837     
 state:           1
 -0.6691483682       2.335359476     -0.3637188397E-01   0.000000000    
  -1.428954334       2.335359476     -0.3637188397E-01   0.000000000    
 -0.6691483682       1.593970904     -0.3637188397E-01   0.000000000    
 state:           2
  -5.289270418      -1.991684471     -0.1104527217E-01   0.000000000    
  -2.869012172      -2.904547127     -0.1104381405E-01   0.000000000    
  -2.608495786      -2.591969764     -0.1104742805E-01   0.000000000    
 time:   3265.9684935882437     
 state:           1
 -0.7049342200       2.417933763     -0.4600681591E-03   0.000000000    
  -1.555392127       2.417933763     -0.4600681591E-03   0.000000000    
 -0.7049342200       1.617261570     -0.4600681591E-03   0.000000000    
 state:           2
  -5.148738096      -2.288410051     -0.1407881483E-03   0.000000000    
  -3.018924539      -3.002619037     -0.1396443580E-03   0.000000000    
  -2.845441790      -2.817433974     -0.1420939875E-03   0.000000000    
 time:   3307.3098669248038     
 state:           1
 -0.7282013992       2.486426860     -0.2194027437E-01   0.000000000    
  -1.637599218       2.486426860     -0.2194027437E-01   0.000000000    
 -0.7282013992       1.636580536     -0.2194027437E-01   0.000000000    
 state:           2
  -4.875153352      -2.576614217     -0.6662678149E-02   0.000000000    
  -3.102068647      -3.070267097     -0.6662106028E-02   0.000000000    
  -3.047241417      -3.020697691     -0.6662873671E-02   0.000000000    
 time:   3348.6512402613639     
 state:           1
 -0.7380823150       2.539973957     -0.9959926928E-01   0.000000000    
  -1.672510255       2.539973957     -0.9959926928E-01   0.000000000    
 -0.7380823150       1.651683876     -0.9959926928E-01   0.000000000    
 state:           2
  -4.478717663      -2.852658029     -0.3024257633E-01   0.000000000    
  -3.106994126      -3.097842024     -0.3024294857E-01   0.000000000    
  -3.211920472      -3.212307873     -0.3024134377E-01   0.000000000    
 time:   3389.9926135979240     
 state:           1
 -0.7342085260       2.577898953     -0.2290507604       0.000000000    
  -1.658823468       2.577898953     -0.2290507604       0.000000000    
 -0.7342085260       1.662380891     -0.2290507604       0.000000000    
 state:           2
  -3.974213396      -3.113056089     -0.6954865591E-01   0.000000000    
  -3.082404411      -3.137440866     -0.6954955727E-01   0.000000000    
  -3.284250768      -3.341378853     -0.6954649178E-01   0.000000000    
 time:   3431.3339869344841     
 state:           1
 -0.7167244788       2.599722999     -0.4029831395       0.000000000    
  -1.597049212       2.599722999     -0.4029831395       0.000000000    
 -0.7167244788       1.668536519     -0.4029831395       0.000000000    
 state:           2
  -3.380452596      -3.354520545     -0.1223608524       0.000000000    
  -3.006643579      -3.164163931     -0.1223621681       0.000000000    
  -3.282528355      -3.431643175     -0.1223579974       0.000000000    
 time:   3472.6753602710442     
 state:           1
 -0.6862821217       2.605170538     -0.6115724529       0.000000000    
  -1.489490938       2.605170538     -0.6115724529       0.000000000    
 -0.6862821217       1.670073036     -0.6115724529       0.000000000    
 state:           2
  -2.719575525      -3.574002605     -0.1856962562       0.000000000    
  -2.878111367      -3.172686306     -0.1856979165       0.000000000    
  -3.210472815      -3.487779399     -0.1856929315       0.000000000    
 time:   3514.0167336076042     
 state:           1
 -0.6440165947       2.594172789     -0.8430372731       0.000000000    
  -1.340159298       2.594172789     -0.8430372731       0.000000000    
 -0.6440165947       1.666971043     -0.8430372731       0.000000000    
 state:           2
  -2.016225087      -3.768731034     -0.2559775916       0.000000000    
  -2.700600768      -3.161777216     -0.2559795233       0.000000000    
  -3.070991875      -3.510311348     -0.2559740370       0.000000000    
 time:   3555.3581069441643     
 state:           1
 -0.5915039027       2.566868611      -1.084304131       0.000000000    
  -1.154622597       2.566868611      -1.084304131       0.000000000    
 -0.5915039027       1.659269705      -1.084304131       0.000000000    
 state:           2
  -1.296627942      -3.936247141     -0.3292352667       0.000000000    
  -2.480540475      -3.131343688     -0.3292373843       0.000000000    
  -2.868490660      -3.498431624     -0.3292317400       0.000000000    
 time:   3596.6994802807244     
 state:           1
 -0.5307021483       2.523602755      -1.321745923       0.000000000    
 -0.9397991615       2.523602755      -1.321745923       0.000000000    
 -0.5307021483       1.647066262      -1.321745923       0.000000000    
 state:           2
 -0.5876165574      -4.074435825     -0.4013315816       0.000000000    
  -2.226305037      -3.081924901     -0.4013337870       0.000000000    
  -2.608991966      -3.450170496     -0.4013283492       0.000000000    
 time:   3638.0408536172845     
 state:           1
 -0.4638785186       2.464921505      -1.541951592       0.000000000    
 -0.7036993666       2.464921505      -1.541951592       0.000000000    
 -0.4638785186       1.630514797      -1.541951592       0.000000000    
 state:           2
  0.8437131950E-01  -4.181552281     -0.4681944314       0.000000000    
  -1.947771353      -3.014583223     -0.4681966163       0.000000000    
  -2.299855449      -3.361730767     -0.4681917551       0.000000000    
 time:   3679.3822269538446     
 state:           1
 -0.3935247451       2.391565787      -1.732483602       0.000000000    
 -0.4551269447       2.391565787      -1.732483602       0.000000000    
 -0.3935247451       1.609824294      -1.732483602       0.000000000    
 state:           2
  0.6942784828      -4.256244030     -0.5260473053       0.000000000    
  -1.655726968      -2.930757282     -0.5260493576       0.000000000    
  -1.949549362      -3.225901613     -0.5260454174       0.000000000    
 time:   3720.7236002904046     
 state:           1
 -0.3222641922       2.304461808      -1.882580427       0.000000000    
 -0.2033507095       2.304461808      -1.882580427       0.000000000    
 -0.3222641922       1.585255996      -1.882580427       0.000000000    
 state:           2
   1.219362603      -4.297567994     -0.5716225888       0.000000000    
  -1.360783576      -2.831602633     -0.5716244088       0.000000000    
  -1.568176368      -3.028673283     -0.5716216318       0.000000000    
 time:   3762.0649736269647     
 state:           1
 -0.2527540364       2.204709364      -1.983764381       0.000000000    
  0.4224106070E-01   2.204709364      -1.983764381       0.000000000    
 -0.2527540364       1.557120109      -1.983764381       0.000000000    
 state:           2
   1.640044247      -4.305002406     -0.6023461235       0.000000000    
  -1.072338424      -2.716982348     -0.6023476444       0.000000000    
  -1.170090140      -2.740383913     -0.6023459702       0.000000000    
 time:   3803.4063469635248     
 state:           1
 -0.1875861850       2.093567957      -2.030320449       0.000000000    
  0.2724906956       2.093567957      -2.030320449       0.000000000    
 -0.1875861850       1.525771883      -2.030320449       0.000000000    
 state:           2
   1.940636965      -4.278453399     -0.6164826004       0.000000000    
 -0.7995445134      -2.586256121     -0.6164837868       0.000000000    
 -0.7867766823      -2.294021089     -0.6164821707       0.000000000    
 time:   3844.7477203000849     
 state:           1
 -0.1291906285       1.972440884      -2.019619076       0.000000000    
  0.4788126050       1.972440884      -2.019619076       0.000000000    
 -0.1291906285       1.491607129      -2.019619076       0.000000000    
 state:           2
   2.109932199      -4.218256186     -0.6132335706       0.000000000    
 -0.5526361849      -2.440161653     -0.6132343965       0.000000000    
 -0.5290394906      -1.606293070     -0.6132282223       0.000000000    
 time:   3886.0890936366450     
 state:           1
 -0.7974483127E-01   1.842857528      -1.952264692       0.000000000    
  0.6535134202       1.842857528      -1.952264692       0.000000000    
 -0.7974483127E-01   1.455057220      -1.952264692       0.000000000    
 state:           2
   2.141617239      -4.125170833     -0.5927825438       0.000000000    
 -0.3423040658      -2.280973657     -0.5927829739       0.000000000    
 -0.5403504455      -1.079605922     -0.5927652882       0.000000000    
 time:   3927.4304669732051     
 state:           1
 -0.4109253702E-01   1.706454040      -1.832061569       0.000000000    
  0.7900788654       1.706454040      -1.832061569       0.000000000    
 -0.4109253702E-01   1.416583644      -1.832061569       0.000000000    
 state:           2
   2.034510605      -4.000372659     -0.5562846237       0.000000000    
 -0.1791850702      -2.111527192     -0.5562845576       0.000000000    
 -0.3429405650      -1.449370449     -0.5562715932       0.000000000    
 time:   3968.7718403097651     
 state:           1
 -0.1467501956E-01   1.564952686      -1.665798954       0.000000000    
  0.8834166633       1.564952686      -1.665798954       0.000000000    
 -0.1467501956E-01   1.376672179      -1.665798954       0.000000000    
 state:           2
   1.792606110      -3.845437397     -0.5058012659       0.000000000    
 -0.7331681317E-01  -1.934003558     -0.5058004194       0.000000000    
  0.7763367568E-01  -1.787298633     -0.5058063354       0.000000000    
 time:   4010.1132136463252     
 state:           1
 -0.1477340106E-02   1.420140096      -1.462867602       0.000000000    
  0.9300464173       1.420140096      -1.462867602       0.000000000    
 -0.1477340106E-02   1.335826756      -1.462867602       0.000000000    
 state:           2
   1.424923933      -3.662321299     -0.4441838438       0.000000000    
 -0.2951227658E-01  -1.751097467     -0.4441818603       0.000000000    
  0.3400442529      -1.801877624     -0.4442020491       0.000000000    
 time:   4051.4545869828853     
 state:           1
 -0.1991616135E-02   1.273844713      -1.234729370       0.000000000    
  0.9282293884       1.273844713      -1.234729370       0.000000000    
 -0.1991616135E-02   1.294563101      -1.234729370       0.000000000    
 state:           2
  0.9451742733      -3.453336435     -0.3749125988       0.000000000    
 -0.4573192562E-01  -1.566359866     -0.3749093556       0.000000000    
  0.4415850426      -1.691997916     -0.3749383866       0.000000000    
 time:   4092.7959603194454     
 state:           1
 -0.1619867124E-01   1.127913698     -0.9942698364       0.000000000    
  0.8780333304       1.127913698     -0.9942698364       0.000000000    
 -0.1619867124E-01   1.253402218     -0.9942698364       0.000000000    
 state:           2
  0.3712461234      -3.221121502     -0.3019000715       0.000000000    
 -0.1183213438      -1.382827701     -0.3018957112       0.000000000    
  0.4162023202      -1.535918816     -0.3019291936       0.000000000    
 time:   4134.1373336560055     
 state:           1
 -0.4356875016E-01  0.9841896130     -0.7550705063       0.000000000    
  0.7813299630      0.9841896130     -0.7550705063       0.000000000    
 -0.4356875016E-01   1.212863816     -0.7550705063       0.000000000    
 state:           2
 -0.2754597792      -2.968608503     -0.2292701158       0.000000000    
 -0.2446296653      -1.202686660     -0.2292648632       0.000000000    
  0.2850081284      -1.360179639     -0.2292991322       0.000000000    
