405.0  3.55567228699e-05
405.036789298  3.58838873602e-05
405.073578595  3.62155947303e-05
405.110367893  3.65519295957e-05
405.147157191  3.6892978554e-05
405.183946488  3.72388302405e-05
405.220735786  3.75895753865e-05
405.257525084  3.79453068791e-05
405.294314381  3.83061198231e-05
405.331103679  3.86721116046e-05
405.367892977  3.90433819573e-05
405.404682274  3.94200330311e-05
405.441471572  3.98021694624e-05
405.47826087  4.01898984472e-05
405.515050167  4.0583329817e-05
405.551839465  4.09825761168e-05
405.588628763  4.13877526863e-05
405.62541806  4.17989777436e-05
405.662207358  4.22163724718e-05
405.698996656  4.26400611091e-05
405.735785953  4.30701710417e-05
405.772575251  4.35068329004e-05
405.809364548  4.39501806601e-05
405.846153846  4.44003517432e-05
405.882943144  4.48574871273e-05
405.919732441  4.53217314558e-05
405.956521739  4.57932331534e-05
405.993311037  4.62721445454e-05
406.030100334  4.67586219816e-05
406.066889632  4.72528259647e-05
406.10367893  4.77549212842e-05
406.140468227  4.82650771538e-05
406.177257525  4.87834673558e-05
406.214046823  4.93102703899e-05
406.25083612  4.9845669628e-05
406.287625418  5.0389853475e-05
406.324414716  5.09430155359e-05
406.361204013  5.15053547891e-05
406.397993311  5.20770757671e-05
406.434782609  5.26583887435e-05
406.471571906  5.32495099284e-05
406.508361204  5.38506616707e-05
406.545150502  5.44620726692e-05
406.581939799  5.50839781917e-05
406.618729097  5.57166203033e-05
406.655518395  5.63602481042e-05
406.692307692  5.70151179767e-05
406.72909699  5.76814938432e-05
406.765886288  5.8359647434e-05
406.802675585  5.90498585672e-05
406.839464883  5.97524154402e-05
406.876254181  6.04676149327e-05
406.913043478  6.11957629239e-05
406.949832776  6.19371746227e-05
406.986622074  6.26921749118e-05
407.023411371  6.34610987074e-05
407.060200669  6.42442913347e-05
407.096989967  6.50421089189e-05
407.133779264  6.58549187949e-05
407.170568562  6.66830999345e-05
407.20735786  6.75270433928e-05
407.244147157  6.83871527748e-05
407.280936455  6.92638447237e-05
407.317725753  7.01575494312e-05
407.35451505  7.1068711171e-05
407.391304348  7.19977888577e-05
407.428093645  7.2945256632e-05
407.464882943  7.39116044722e-05
407.501672241  7.48973388363e-05
407.538461538  7.59029833338e-05
407.575250836  7.69290794302e-05
407.612040134  7.79761871852e-05
407.648829431  7.90448860277e-05
407.685618729  8.01357755681e-05
407.722408027  8.12494764514e-05
407.759197324  8.23866312526e-05
407.795986622  8.35479054172e-05
407.83277592  8.47339882494e-05
407.869565217  8.59455939505e-05
407.906354515  8.71834627114e-05
407.943143813  8.84483618606e-05
407.97993311  8.97410870736e-05
408.016722408  9.10624636446e-05
408.053511706  9.24133478267e-05
408.090301003  9.37946282438e-05
408.127090301  9.52072273779e-05
408.163879599  9.66521031384e-05
408.200668896  9.81302505165e-05
408.237458194  9.96427033323e-05
408.274247492  0.000101190536078
408.311036789  0.000102774865867
408.347826087  0.00010439685449
408.384615385  0.000106057710593
408.421404682  0.000107758691981
408.45819398  0.000109501108051
408.494983278  0.000111286322374
408.531772575  0.000113115755428
408.568561873  0.000114990887495
408.605351171  0.000116913261735
408.642140468  0.000118884487443
408.678929766  0.000120906243515
408.715719064  0.000122980282125
408.752508361  0.000125108432633
408.789297659  0.000127292605744
408.826086957  0.000129534797934
408.862876254  0.000131837096165
408.899665552  0.000134201682907
408.936454849  0.000136630841494
408.973244147  0.000139126961844
409.010033445  0.000141692546561
409.046822742  0.000144330217461
409.08361204  0.000147042722553
409.120401338  0.000149832943504
409.157190635  0.000152703903645
409.193979933  0.000155658776547
409.230769231  0.000158700895229
409.267558528  0.000161833762046
409.304347826  0.000165061059316
409.341137124  0.00016838666076
409.377926421  0.000171814643817
409.414715719  0.000175349302937
409.451505017  0.000178995163911
409.488294314  0.000182756999368
409.525083612  0.000186639845544
409.56187291  0.000190649020434
409.598662207  0.000194790143489
409.635451505  0.00019906915701
409.672240803  0.000203492349407
409.7090301  0.00020806638054
409.745819398  0.000212798309362
409.782608696  0.000217695624118
409.819397993  0.000222766275411
409.856187291  0.000228018712448
409.892976589  0.000233461922871
409.929765886  0.000239105476604
409.966555184  0.00024495957423
410.003344482  0.000251035100486
410.040133779  0.000257343683566
410.076923077  0.000263897761031
410.113712375  0.000270710653263
410.150501672  0.000277796645569
410.18729097  0.000285171080248
410.224080268  0.000292850460168
410.260869565  0.000300852565712
410.297658863  0.000309196587325
410.334448161  0.000317903276345
410.371237458  0.0003269951174
410.408026756  0.000336496526334
410.444816054  0.000346434078569
410.481605351  0.000356836773932
410.518394649  0.00036773634542
410.555183946  0.000379167621243
410.591973244  0.000391168951821
410.628762542  0.000403782716454
410.665551839  0.000417055928213
410.702341137  0.000431040960583
410.739130435  0.000445796425635
410.775919732  0.000461388241416
410.81270903  0.00047789093602
410.849498328  0.00049538924745
410.886287625  0.000513980091451
410.923076923  0.00053377498232
410.959866221  0.000554902999995
410.996655518  0.000577514390982
411.033444816  0.000601784850701
411.070234114  0.000627920419712
411.107023411  0.000656162655636
411.143812709  0.000686793164642
411.180602007  0.000720135418933
411.217391304  0.000756549605301
411.254180602  0.000796412450252
411.2909699  0.000840068172673
411.327759197  0.000887730186648
411.364548495  0.000939312530607
411.401337793  0.000994193328011
411.43812709  0.00105098919664
411.474916388  0.00110755268769
411.511705686  0.001161473677
411.548494983  0.00121110813448
411.585284281  0.00125656457508
411.622073579  0.00129984026015
411.658862876  0.00134398763398
411.695652174  0.00139203437194
411.732441472  0.00144635245646
411.769230769  0.00150857865057
411.806020067  0.00157982826951
411.842809365  0.00166095994161
411.879598662  0.00175278491234
411.91638796  0.00185620711685
411.953177258  0.00197231375483
411.989966555  0.00210243926438
412.026755853  0.00224821991084
412.063545151  0.00241165047881
412.100334448  0.00259515089952
412.137123746  0.00280164891739
412.173913043  0.00303468453832
412.210702341  0.0032985425526
412.247491639  0.00359842059053
412.284280936  0.00394064172851
412.321070234  0.00433292234412
412.357859532  0.00478470721425
412.394648829  0.00530758372401
412.431438127  0.00591578346174
412.468227425  0.00662676862888
412.505016722  0.00746187615042
412.54180602  0.00844694428325
412.578595318  0.00961276125051
412.615384615  0.0109950322269
412.652173913  0.0126333098298
412.688963211  0.014567830532
412.725752508  0.0168321758832
412.762541806  0.0194381124898
412.799331104  0.0223482037745
412.836120401  0.0254354955678
412.872909699  0.0284426061944
412.909698997  0.0309751472795
412.946488294  0.0325778652334
412.983277592  0.0329031153035
413.02006689  0.0318823097747
413.056856187  0.0297612964539
413.093645485  0.0269678627487
413.130434783  0.0239281821282
413.16722408  0.0209546599715
413.204013378  0.0182269437634
413.240802676  0.0158222887448
413.277591973  0.0137540326462
413.314381271  0.0120013335665
413.351170569  0.0105283066466
413.387959866  0.00929503661437
413.424749164  0.00826319353744
413.461538462  0.00739845165384
413.498327759  0.00667133971847
413.535117057  0.00605754564345
413.571906355  0.00553800313788
413.608695652  0.00509855450977
413.64548495  0.00472904644901
413.682274247  0.00442218896613
413.719063545  0.00417266542265
413.755852843  0.00397667685949
413.79264214  0.00383179771754
413.829431438  0.00373694907155
413.866220736  0.00369234376856
413.903010033  0.00369928377844
413.939799331  0.00375964690235
413.976588629  0.00387479373008
414.013377926  0.00404349904628
414.050167224  0.00425850848889
414.086956522  0.00450180777526
414.123745819  0.00474023886966
414.160535117  0.00492570335972
414.197324415  0.00500534925392
414.234113712  0.00494173886155
414.27090301  0.00473140874012
414.307692308  0.00440637125313
414.344481605  0.0040171614106
414.381270903  0.00361188929791
414.418060201  0.00322434811612
414.454849498  0.00287263880066
414.491638796  0.0025631720085
414.528428094  0.00229544629152
414.565217391  0.00206563846617
414.602006689  0.00186877560275
414.638795987  0.00169986252524
414.675585284  0.00155437904404
414.712374582  0.00142844116637
414.74916388  0.00131880154308
414.785953177  0.00122278337009
414.822742475  0.00113819450425
414.859531773  0.0010632430303
414.89632107  0.000996462612063
414.933110368  0.000936649823436
414.969899666  0.000882812970536
415.006688963  0.00083413091903
415.043478261  0.000789920223097
415.080267559  0.000749608964748
415.117056856  0.000712715939575
415.153846154  0.000678834069943
415.190635452  0.000647617149684
415.227424749  0.000618769212575
415.264214047  0.000592035969707
415.301003344  0.000567197882126
415.337792642  0.000544064530163
415.37458194  0.00052247001488
415.411371237  0.000502269184389
415.448160535  0.000483334522322
415.484949833  0.000465553570174
415.52173913  0.000448826782047
415.558528428  0.000433065731213
415.595317726  0.000418191604188
415.632107023  0.000404133930832
415.668896321  0.000390829509042
415.705685619  0.000378221490558
415.742474916  0.000366258600737
415.779264214  0.000354894470155
415.816053512  0.000344087059936
415.852842809  0.000333798165938
415.889632107  0.000323992989528
415.926421405  0.000314639764802
415.963210702  0.000305709433791
416.0  0.000297175362644
