404.0  0.00036855382937
404.043478261  0.000385226767182
404.086956522  0.000403066953949
404.130434783  0.00042218551881
404.173913043  0.000442707047011
404.217391304  0.000464771567856
404.260869565  0.000488536890863
404.304347826  0.000514181360911
404.347826087  0.000541907119607
404.391304348  0.000571943980805
404.434782609  0.000604554054475
404.47826087  0.000640037286567
404.52173913  0.000678738125314
404.565217391  0.000721053579541
404.608695652  0.00076744300577
404.652173913  0.00081844005365
404.695652174  0.000874667320455
404.739130435  0.000936854424829
404.782608696  0.00100586042073
404.826086957  0.00108270175274
404.869565217  0.00116858732827
404.913043478  0.00126496278458
404.956521739  0.00137356670557
405.0  0.00149650245824
405.043478261  0.00163633055623
405.086956522  0.00179618812995
405.130434783  0.00197994432851
405.173913043  0.00219240345836
405.217391304  0.00243957152014
405.260869565  0.00272900656515
405.304347826  0.00307027860337
405.347826087  0.00347556930911
405.391304348  0.00396044173441
405.434782609  0.00454479634563
405.47826087  0.0052539802935
405.52173913  0.00611988395524
405.565217391  0.0071815419924
405.608695652  0.00848406308766
405.652173913  0.0100733386435
405.695652174  0.0119816793038
405.739130435  0.0141970360972
405.782608696  0.0166102650935
405.826086957  0.0189529937479
405.869565217  0.020784085245
405.913043478  0.0216172089623
405.956521739  0.0211866645608
406.0  0.0196334055489
406.043478261  0.017403172741
406.086956522  0.014974665281
406.130434783  0.0126763123233
406.173913043  0.0106631114081
406.217391304  0.00897202853614
406.260869565  0.0075808449056
406.304347826  0.00644589656703
406.347826087  0.00552092062576
406.391304348  0.00476464312047
406.434782609  0.00414285615168
406.47826087  0.00362818422859
406.52173913  0.00319907298118
406.565217391  0.0028386554642
406.608695652  0.00253373827448
406.652173913  0.00227397133803
406.695652174  0.00205119568457
406.739130435  0.00185894130777
406.782608696  0.00169204407981
406.826086957  0.00154635431102
406.869565217  0.00141851482102
406.913043478  0.00130579139725
406.956521739  0.00120594267668
407.0  0.0011171197402
407.043478261  0.00103778817627
407.086956522  0.000966667214056
407.130434783  0.00090268189173
407.173913043  0.00084492523575
407.217391304  0.000792628173706
407.260869565  0.000745135457025
407.304347826  0.000701886281772
407.347826087  0.000662398603658
407.391304348  0.000626256374576
407.434782609  0.000593099102572
407.47826087  0.000562613269623
407.52173913  0.000534525242792
407.565217391  0.000508595391887
407.608695652  0.000484613186706
407.652173913  0.000462393093356
407.695652174  0.000441771125422
407.739130435  0.000422601934133
407.782608696  0.00040475634406
407.826086957  0.000388119258594
407.869565217  0.000372587873544
407.913043478  0.000358070148446
407.956521739  0.000344483494209
408.0  0.000331753643021
408.043478261  0.000319813672303
408.086956522  0.000308603159315
408.130434783  0.000298067446915
408.173913043  0.000288157004164
408.217391304  0.000278826868117
408.260869565  0.000270036155287
408.304347826  0.000261747633089
408.347826087  0.000253927343033
408.391304348  0.000246544268707
408.434782609  0.000239570042598
408.47826087  0.000232978686696
408.52173913  0.000226746382536
408.565217391  0.00022085126696
408.608695652  0.000215273250405
408.652173913  0.00020999385495
408.695652174  0.000204996069741
408.739130435  0.000200264221742
408.782608696  0.000195783860006
408.826086957  0.000191541651923
408.869565217  0.000187525290077
408.913043478  0.000183723408549
408.956521739  0.000180125507604
409.0  0.000176721885886
409.043478261  0.00017350357931
409.086956522  0.000170462305954
409.130434783  0.000167590416348
409.173913043  0.000164880848615
409.217391304  0.000162327087987
409.260869565  0.000159923130288
409.304347826  0.000157663449001
409.347826087  0.000155542965602
409.391304348  0.000153557022884
409.434782609  0.000151701360993
409.47826087  0.000149972095987
409.52173913  0.000148365700698
409.565217391  0.000146878987744
409.608695652  0.000145509094535
409.652173913  0.000144253470154
409.695652174  0.000143109864
409.739130435  0.000142076316108
409.782608696  0.000141151149066
409.826086957  0.000140332961481
409.869565217  0.000139620622942
409.913043478  0.000139013270456
409.956521739  0.000138510306348
410.0  0.000138111397619
410.043478261  0.000137816476787
410.086956522  0.000137625744246
410.130434783  0.000137539672188
410.173913043  0.000137559010166
410.217391304  0.000137684792398
410.260869565  0.000137918346915
410.304347826  0.000138261306727
410.347826087  0.000138715623165
410.391304348  0.000139283581638
410.434782609  0.000139967820087
410.47826087  0.000140771350448
410.52173913  0.000141697583557
410.565217391  0.000142750357988
410.608695652  0.000143933973459
410.652173913  0.000145253229567
410.695652174  0.000146713470838
410.739130435  0.000148320639303
410.782608696  0.000150081336177
410.826086957  0.000152002894623
410.869565217  0.000154093466198
410.913043478  0.000156362124326
410.956521739  0.000158818989205
411.0  0.000161475379873
411.043478261  0.000164344000968
411.086956522  0.000167439173864
411.130434783  0.0001707771245
411.173913043  0.000174376342683
411.217391304  0.000178258028917
411.260869565  0.000182446641534
411.304347826  0.000186970541605
411.347826087  0.000191862688715
411.391304348  0.000197161230766
411.434782609  0.000202909583035
411.47826087  0.000209155081126
411.52173913  0.000215944374053
411.565217391  0.000223312495444
411.608695652  0.000231262290532
411.652173913  0.000239735875044
411.695652174  0.00024859668533
411.739130435  0.000257663090005
411.782608696  0.000266816865611
411.826086957  0.000276117648634
411.869565217  0.0002858040157
411.913043478  0.000296181017875
411.956521739  0.000307513486849
412.0  0.000319994303521
412.043478261  0.000333764524411
412.086956522  0.000348944432945
412.130434783  0.000365656981664
412.173913043  0.000384042022173
412.217391304  0.000404264759842
412.260869565  0.000426521643524
412.304347826  0.000451045708652
412.347826087  0.000478112520342
412.391304348  0.000508047414293
412.434782609  0.000541234567425
412.47826087  0.000578128429269
412.52173913  0.000619268145789
412.565217391  0.000665295785908
412.608695652  0.000716979437882
412.652173913  0.00077524259424
412.695652174  0.00084120171982
412.739130435  0.000916214540291
412.782608696  0.00100194245646
412.826086957  0.00110043165648
412.869565217  0.00121421905124
412.913043478  0.00134647118367
412.956521739  0.00150116679918
413.0  0.0016833366907
413.043478261  0.00189937718218
413.086956522  0.00215745454292
413.130434783  0.00246801255442
413.173913043  0.00284437453799
413.217391304  0.00330337232877
413.260869565  0.00386579099544
413.304347826  0.00455609712258
413.347826087  0.0054002641289
413.391304348  0.00641935162096
413.434782609  0.0076150194353
413.47826087  0.00894312964504
413.52173913  0.0102785992514
413.565217391  0.0113964552431
413.608695652  0.0120197316496
413.652173913  0.0119555311759
413.695652174  0.0112249523822
413.739130435  0.0100476871514
413.782608696  0.0086993114951
413.826086957  0.00738787921986
413.869565217  0.00622164654266
413.913043478  0.00523412021088
413.956521739  0.00441862653003
414.0  0.0037524616596
414.043478261  0.00320961404844
414.086956522  0.00276619036561
414.130434783  0.00240212036197
414.173913043  0.00210123879137
414.217391304  0.00185078145475
414.260869565  0.00164075132669
414.304347826  0.00146333083898
414.347826087  0.00131239295897
414.391304348  0.00118311412233
414.434782609  0.00107167512879
414.47826087  0.000975032603681
414.52173913  0.000890745085583
414.565217391  0.000816840658672
414.608695652  0.00075171592739
414.652173913  0.000694058578012
414.695652174  0.000642787706783
414.739130435  0.000597007570653
414.782608696  0.000555971522505
414.826086957  0.000519053713434
414.869565217  0.000485726751572
414.913043478  0.000455543955677
414.956521739  0.000428125174122
415.0  0.000403145386998
415.043478261  0.000380325493481
415.086956522  0.000359424824982
415.130434783  0.000340235028875
415.173913043  0.000322575046703
415.217391304  0.000306286971012
415.260869565  0.000291232611164
415.304347826  0.000277290634084
415.347826087  0.000264354173471
415.391304348  0.000252328822461
415.434782609  0.000241130941588
415.47826087  0.000230686227094
415.52173913  0.000220928495093
415.565217391  0.00021179864543
415.608695652  0.0002032437757
415.652173913  0.000195216421194
415.695652174  0.000187673900852
415.739130435  0.00018057775273
415.782608696  0.000173893245335
415.826086957  0.00016758895343
415.869565217  0.00016163638884
415.913043478  0.000156009678265
415.956521739  0.000150685281431
416.0  0.00014564174392
416.043478261  0.000140859479915
416.086956522  0.000136320580798
416.130434783  0.000132008646164
416.173913043  0.000127908634307
416.217391304  0.000124006729667
416.260869565  0.000120290225069
416.304347826  0.000116747416928
416.347826087  0.000113367511787
416.391304348  0.000110140542838
416.434782609  0.000107057295217
416.47826087  0.000104109239041
416.52173913  0.000101288469279
416.565217391  9.85876516881e-05
416.608695652  9.59999741115e-05
416.652173913  9.35191025479e-05
416.695652174  9.11391414675e-05
416.739130435  8.88545979102e-05
416.782608696  8.66603489609e-05
416.826086957  8.45516122459e-05
416.869565217  8.25239191321e-05
416.913043478  8.05730903524e-05
416.956521739  7.8695213809e-05
417.0  7.6886624335e-05
